id,firstname,lastname,email,email2,profession,Field Name
25800,Livvyy,Wallis,Livvyy.Wallis@yopmail.com,Livvyy.Wallis@gmail.com,worker,25701
25801,Wilma,Schlosser,Wilma.Schlosser@yopmail.com,Wilma.Schlosser@gmail.com,police officer,25702
25802,Tilly,Goode,Tilly.Goode@yopmail.com,Tilly.Goode@gmail.com,firefighter,25703
25803,Kirbee,Pearse,Kirbee.Pearse@yopmail.com,Kirbee.Pearse@gmail.com,doctor,25704
25804,Harrietta,Helfand,Harrietta.Helfand@yopmail.com,Harrietta.Helfand@gmail.com,firefighter,25705
25805,Vita,Gilbertson,Vita.Gilbertson@yopmail.com,Vita.Gilbertson@gmail.com,police officer,25706
25806,Lyssa,Zetta,Lyssa.Zetta@yopmail.com,Lyssa.Zetta@gmail.com,doctor,25707
25807,Merci,Publia,Merci.Publia@yopmail.com,Merci.Publia@gmail.com,doctor,25708
25808,Lindie,Bergman,Lindie.Bergman@yopmail.com,Lindie.Bergman@gmail.com,police officer,25709
25809,Maridel,Adamsen,Maridel.Adamsen@yopmail.com,Maridel.Adamsen@gmail.com,doctor,25710
25810,Evita,Slifka,Evita.Slifka@yopmail.com,Evita.Slifka@gmail.com,developer,25711
25811,Demetris,Felizio,Demetris.Felizio@yopmail.com,Demetris.Felizio@gmail.com,developer,25712
25812,Sashenka,Cherianne,Sashenka.Cherianne@yopmail.com,Sashenka.Cherianne@gmail.com,developer,25713
25813,Andree,Hylan,Andree.Hylan@yopmail.com,Andree.Hylan@gmail.com,doctor,25714
25814,Dotty,Wadell,Dotty.Wadell@yopmail.com,Dotty.Wadell@gmail.com,developer,25715
25815,Corly,Trace,Corly.Trace@yopmail.com,Corly.Trace@gmail.com,firefighter,25716
25816,Wendi,Garek,Wendi.Garek@yopmail.com,Wendi.Garek@gmail.com,worker,25717
25817,Lilith,Rurik,Lilith.Rurik@yopmail.com,Lilith.Rurik@gmail.com,developer,25718
25818,Merle,Kolnick,Merle.Kolnick@yopmail.com,Merle.Kolnick@gmail.com,police officer,25719
25819,Vonny,Daveta,Vonny.Daveta@yopmail.com,Vonny.Daveta@gmail.com,police officer,25720
25820,Ruthe,Chick,Ruthe.Chick@yopmail.com,Ruthe.Chick@gmail.com,firefighter,25721
25821,Phedra,Curren,Phedra.Curren@yopmail.com,Phedra.Curren@gmail.com,developer,25722
25822,Frieda,Korey,Frieda.Korey@yopmail.com,Frieda.Korey@gmail.com,firefighter,25723
25823,Lindie,Iaverne,Lindie.Iaverne@yopmail.com,Lindie.Iaverne@gmail.com,worker,25724
25824,Melanie,Cristi,Melanie.Cristi@yopmail.com,Melanie.Cristi@gmail.com,worker,25725
25825,Lindie,Zrike,Lindie.Zrike@yopmail.com,Lindie.Zrike@gmail.com,worker,25726
25826,Mariann,Orelee,Mariann.Orelee@yopmail.com,Mariann.Orelee@gmail.com,police officer,25727
25827,Mamie,Ramona,Mamie.Ramona@yopmail.com,Mamie.Ramona@gmail.com,police officer,25728
25828,Lolita,Bonucci,Lolita.Bonucci@yopmail.com,Lolita.Bonucci@gmail.com,firefighter,25729
25829,Winifred,Maxi,Winifred.Maxi@yopmail.com,Winifred.Maxi@gmail.com,developer,25730
25830,Mathilda,Duwalt,Mathilda.Duwalt@yopmail.com,Mathilda.Duwalt@gmail.com,firefighter,25731
25831,Aubrie,Henebry,Aubrie.Henebry@yopmail.com,Aubrie.Henebry@gmail.com,doctor,25732
25832,Riannon,Shelba,Riannon.Shelba@yopmail.com,Riannon.Shelba@gmail.com,police officer,25733
25833,Margarette,Claudine,Margarette.Claudine@yopmail.com,Margarette.Claudine@gmail.com,firefighter,25734
25834,Alia,Zina,Alia.Zina@yopmail.com,Alia.Zina@gmail.com,worker,25735
25835,Celestyna,Craggie,Celestyna.Craggie@yopmail.com,Celestyna.Craggie@gmail.com,doctor,25736
25836,Jenda,Posner,Jenda.Posner@yopmail.com,Jenda.Posner@gmail.com,firefighter,25737
25837,Lynea,Revkah,Lynea.Revkah@yopmail.com,Lynea.Revkah@gmail.com,firefighter,25738
25838,Sibella,Kimmie,Sibella.Kimmie@yopmail.com,Sibella.Kimmie@gmail.com,police officer,25739
25839,Lucille,Infield,Lucille.Infield@yopmail.com,Lucille.Infield@gmail.com,police officer,25740
25840,Tomasina,Malvino,Tomasina.Malvino@yopmail.com,Tomasina.Malvino@gmail.com,police officer,25741
25841,Viviene,Linskey,Viviene.Linskey@yopmail.com,Viviene.Linskey@gmail.com,police officer,25742
25842,Leona,Carleen,Leona.Carleen@yopmail.com,Leona.Carleen@gmail.com,firefighter,25743
25843,Glynnis,Fairweather,Glynnis.Fairweather@yopmail.com,Glynnis.Fairweather@gmail.com,developer,25744
25844,Molli,Center,Molli.Center@yopmail.com,Molli.Center@gmail.com,doctor,25745
25845,Ardeen,Evvie,Ardeen.Evvie@yopmail.com,Ardeen.Evvie@gmail.com,worker,25746
25846,Vivia,Ajay,Vivia.Ajay@yopmail.com,Vivia.Ajay@gmail.com,doctor,25747
25847,Dulce,Ferrell,Dulce.Ferrell@yopmail.com,Dulce.Ferrell@gmail.com,firefighter,25748
25848,Rani,Ilka,Rani.Ilka@yopmail.com,Rani.Ilka@gmail.com,developer,25749
25849,Alameda,Sundin,Alameda.Sundin@yopmail.com,Alameda.Sundin@gmail.com,police officer,25750
25850,Maisey,Geffner,Maisey.Geffner@yopmail.com,Maisey.Geffner@gmail.com,developer,25751
25851,Nita,Peg,Nita.Peg@yopmail.com,Nita.Peg@gmail.com,doctor,25752
25852,Joy,Primalia,Joy.Primalia@yopmail.com,Joy.Primalia@gmail.com,developer,25753
25853,Janeczka,Tillford,Janeczka.Tillford@yopmail.com,Janeczka.Tillford@gmail.com,firefighter,25754
25854,Amalie,Bari,Amalie.Bari@yopmail.com,Amalie.Bari@gmail.com,doctor,25755
25855,Imojean,Annice,Imojean.Annice@yopmail.com,Imojean.Annice@gmail.com,developer,25756
25856,Collen,Vernier,Collen.Vernier@yopmail.com,Collen.Vernier@gmail.com,firefighter,25757
25857,Estell,Ledah,Estell.Ledah@yopmail.com,Estell.Ledah@gmail.com,firefighter,25758
25858,Celestyna,Yoko,Celestyna.Yoko@yopmail.com,Celestyna.Yoko@gmail.com,firefighter,25759
25859,Ericka,Hermes,Ericka.Hermes@yopmail.com,Ericka.Hermes@gmail.com,developer,25760
25860,Debee,Chick,Debee.Chick@yopmail.com,Debee.Chick@gmail.com,worker,25761
25861,Glynnis,Aldric,Glynnis.Aldric@yopmail.com,Glynnis.Aldric@gmail.com,police officer,25762
25862,Monika,Arne,Monika.Arne@yopmail.com,Monika.Arne@gmail.com,firefighter,25763
25863,Kylynn,Clywd,Kylynn.Clywd@yopmail.com,Kylynn.Clywd@gmail.com,police officer,25764
25864,Aurore,Philipp,Aurore.Philipp@yopmail.com,Aurore.Philipp@gmail.com,doctor,25765
25865,Fanny,Durante,Fanny.Durante@yopmail.com,Fanny.Durante@gmail.com,worker,25766
25866,Tani,McAdams,Tani.McAdams@yopmail.com,Tani.McAdams@gmail.com,firefighter,25767
25867,Olivette,Mauer,Olivette.Mauer@yopmail.com,Olivette.Mauer@gmail.com,doctor,25768
25868,Marcy,Raychel,Marcy.Raychel@yopmail.com,Marcy.Raychel@gmail.com,developer,25769
25869,Shannah,Aurelio,Shannah.Aurelio@yopmail.com,Shannah.Aurelio@gmail.com,doctor,25770
25870,Vanessa,Freddi,Vanessa.Freddi@yopmail.com,Vanessa.Freddi@gmail.com,firefighter,25771
25871,Leona,Abbot,Leona.Abbot@yopmail.com,Leona.Abbot@gmail.com,doctor,25772
25872,Dagmar,Kaete,Dagmar.Kaete@yopmail.com,Dagmar.Kaete@gmail.com,worker,25773
25873,Dianemarie,Amadas,Dianemarie.Amadas@yopmail.com,Dianemarie.Amadas@gmail.com,developer,25774
25874,Meriel,Remmer,Meriel.Remmer@yopmail.com,Meriel.Remmer@gmail.com,police officer,25775
25875,Pollyanna,Wilkinson,Pollyanna.Wilkinson@yopmail.com,Pollyanna.Wilkinson@gmail.com,developer,25776
25876,Ira,Gillan,Ira.Gillan@yopmail.com,Ira.Gillan@gmail.com,firefighter,25777
25877,Marleah,Douglass,Marleah.Douglass@yopmail.com,Marleah.Douglass@gmail.com,developer,25778
25878,Dianemarie,Cordi,Dianemarie.Cordi@yopmail.com,Dianemarie.Cordi@gmail.com,worker,25779
25879,Debee,Mullane,Debee.Mullane@yopmail.com,Debee.Mullane@gmail.com,firefighter,25780
25880,Celestyna,Henebry,Celestyna.Henebry@yopmail.com,Celestyna.Henebry@gmail.com,firefighter,25781
25881,Grier,Blake,Grier.Blake@yopmail.com,Grier.Blake@gmail.com,firefighter,25782
25882,Trixi,Ramona,Trixi.Ramona@yopmail.com,Trixi.Ramona@gmail.com,police officer,25783
25883,Genevra,Kazimir,Genevra.Kazimir@yopmail.com,Genevra.Kazimir@gmail.com,police officer,25784
25884,Gaylene,Kirbee,Gaylene.Kirbee@yopmail.com,Gaylene.Kirbee@gmail.com,developer,25785
25885,Heddie,Fennessy,Heddie.Fennessy@yopmail.com,Heddie.Fennessy@gmail.com,police officer,25786
25886,Meriel,Reidar,Meriel.Reidar@yopmail.com,Meriel.Reidar@gmail.com,developer,25787
25887,Bettine,Astra,Bettine.Astra@yopmail.com,Bettine.Astra@gmail.com,firefighter,25788
25888,Gretal,Stacy,Gretal.Stacy@yopmail.com,Gretal.Stacy@gmail.com,worker,25789
25889,Vinita,Hilbert,Vinita.Hilbert@yopmail.com,Vinita.Hilbert@gmail.com,firefighter,25790
25890,Anestassia,Sparhawk,Anestassia.Sparhawk@yopmail.com,Anestassia.Sparhawk@gmail.com,developer,25791
25891,Cyb,Wesle,Cyb.Wesle@yopmail.com,Cyb.Wesle@gmail.com,firefighter,25792
25892,Hope,Israeli,Hope.Israeli@yopmail.com,Hope.Israeli@gmail.com,worker,25793
25893,Lusa,Wind,Lusa.Wind@yopmail.com,Lusa.Wind@gmail.com,worker,25794
25894,Felice,My,Felice.My@yopmail.com,Felice.My@gmail.com,developer,25795
25895,Adele,Gavrila,Adele.Gavrila@yopmail.com,Adele.Gavrila@gmail.com,firefighter,25796
25896,Dulcinea,Decato,Dulcinea.Decato@yopmail.com,Dulcinea.Decato@gmail.com,developer,25797
25897,Melisent,Tryck,Melisent.Tryck@yopmail.com,Melisent.Tryck@gmail.com,firefighter,25798
25898,Vanessa,Sallyann,Vanessa.Sallyann@yopmail.com,Vanessa.Sallyann@gmail.com,firefighter,25799
25899,Willetta,Faust,Willetta.Faust@yopmail.com,Willetta.Faust@gmail.com,firefighter,25800
